RGB(0,1,0)
RGB(0,2,0)
RGB(0,3,0)
RGB(0,4,0)
RGB(0,5,0)
RGB(0,6,0)
RGB(0,7,0)
RGB(0,8,0)
RGB(0,9,0)
RGB(0,10,0)
RGB(0,11,0)
RGB(0,12,0)
RGB(0,13,0)
RGB(0,14,0)
RGB(0,15,0)
RGB(0,16,0)
RGB(0,17,0)
RGB(0,18,0)
RGB(0,19,0)
RGB(0,20,0)
RGB(0,21,0)
RGB(0,22,0)
RGB(0,23,0)
RGB(0,24,0)
RGB(0,25,0)
RGB(0,26,0)
RGB(0,27,0)
RGB(0,28,0)
RGB(0,29,0)
RGB(0,30,0)
RGB(0,31,0)
RGB(0,32,0)
RGB(0,33,0)
RGB(0,34,0)
RGB(0,35,0)
RGB(0,36,0)
RGB(0,37,0)
RGB(0,38,0)
RGB(0,39,0)
RGB(0,40,0)
RGB(0,41,0)
RGB(0,42,0)
RGB(0,43,0)
RGB(0,44,0)
RGB(0,45,0)
RGB(0,46,0)
RGB(0,47,0)
RGB(0,48,0)
RGB(0,49,0)
RGB(0,50,0)
RGB(0,51,0)
RGB(0,52,0)
RGB(0,53,0)
RGB(0,54,0)
RGB(0,55,0)
RGB(0,56,0)
RGB(0,57,0)
RGB(0,58,0)
RGB(0,59,0)
RGB(0,60,0)
RGB(0,61,0)
RGB(0,62,0)
RGB(0,63,0)
RGB(0,64,0)
RGB(0,65,0)
RGB(0,66,0)
RGB(0,67,0)
RGB(0,68,0)
RGB(0,69,0)
RGB(0,70,0)
RGB(0,71,0)
RGB(0,72,0)
RGB(0,73,0)
RGB(0,74,0)
RGB(0,75,0)
RGB(0,76,0)
RGB(0,77,0)
RGB(0,78,0)
RGB(0,79,0)
RGB(0,80,0)
RGB(0,81,0)
RGB(0,82,0)
RGB(0,83,0)
RGB(0,84,0)
RGB(0,85,0)
RGB(0,86,0)
RGB(0,87,0)
RGB(0,88,0)
RGB(0,89,0)
RGB(0,90,0)
RGB(0,91,0)
RGB(0,92,0)
RGB(0,93,0)
RGB(0,94,0)
RGB(0,95,0)
RGB(0,96,0)
RGB(0,97,0)
RGB(0,98,0)
RGB(0,99,0)
RGB(0,100,0)
RGB(0,101,0)
RGB(0,102,0)
RGB(0,103,0)
RGB(0,104,0)
RGB(0,105,0)
RGB(0,106,0)
RGB(0,107,0)
RGB(0,108,0)
RGB(0,109,0)
RGB(0,110,0)
RGB(0,111,0)
RGB(0,112,0)
RGB(0,113,0)
RGB(0,114,0)
RGB(0,115,0)
RGB(0,116,0)
RGB(0,117,0)
RGB(0,118,0)
RGB(0,119,0)
RGB(0,120,0)
RGB(0,121,0)
RGB(0,122,0)
RGB(0,123,0)
RGB(0,124,0)
RGB(0,125,0)
RGB(0,126,0)
RGB(0,127,0)
RGB(0,128,0)
RGB(0,129,0)
RGB(0,130,0)
RGB(0,131,0)
RGB(0,132,0)
RGB(0,133,0)
RGB(0,134,0)
RGB(0,135,0)
RGB(0,136,0)
RGB(0,137,0)
RGB(0,138,0)
RGB(0,139,0)
RGB(0,140,0)
RGB(0,141,0)
RGB(0,142,0)
RGB(0,143,0)
RGB(0,144,0)
RGB(0,145,0)
RGB(0,146,0)
RGB(0,147,0)
RGB(0,148,0)
RGB(0,149,0)
RGB(0,150,0)
RGB(0,151,0)
RGB(0,152,0)
RGB(0,153,0)
RGB(0,154,0)
RGB(0,155,0)
RGB(0,156,0)
RGB(0,157,0)
RGB(0,158,0)
RGB(0,159,0)
RGB(0,160,0)
RGB(0,161,0)
RGB(0,162,0)
RGB(0,163,0)
RGB(0,164,0)
RGB(0,165,0)
RGB(0,166,0)
RGB(0,167,0)
RGB(0,168,0)
RGB(0,169,0)
RGB(0,170,0)
RGB(0,171,0)
RGB(0,172,0)
RGB(0,173,0)
RGB(0,174,0)
RGB(0,175,0)
RGB(0,176,0)
RGB(0,177,0)
RGB(0,178,0)
RGB(0,179,0)
RGB(0,180,0)
RGB(0,181,0)
RGB(0,182,0)
RGB(0,183,0)
RGB(0,184,0)
RGB(0,185,0)
RGB(0,186,0)
RGB(0,187,0)
RGB(0,188,0)
RGB(0,189,0)
RGB(0,190,0)
RGB(0,191,0)
RGB(0,192,0)
RGB(0,193,0)
RGB(0,194,0)
RGB(0,195,0)
RGB(0,196,0)
RGB(0,197,0)
RGB(0,198,0)
RGB(0,199,0)
RGB(0,200,0)
RGB(0,201,0)
RGB(0,202,0)
RGB(0,203,0)
RGB(0,204,0)
RGB(0,205,0)
RGB(0,206,0)
RGB(0,207,0)
RGB(0,208,0)
RGB(0,209,0)
RGB(0,210,0)
RGB(0,211,0)
RGB(0,212,0)
RGB(0,213,0)
RGB(0,214,0)
RGB(0,215,0)
RGB(0,216,0)
RGB(0,217,0)
RGB(0,218,0)
RGB(0,219,0)
RGB(0,220,0)
RGB(0,221,0)
RGB(0,222,0)
RGB(0,223,0)
RGB(0,224,0)
RGB(0,225,0)
RGB(0,226,0)
RGB(0,227,0)
RGB(0,228,0)
RGB(0,229,0)
RGB(0,230,0)
RGB(0,231,0)
RGB(0,232,0)
RGB(0,233,0)
RGB(0,234,0)
RGB(0,235,0)
RGB(0,236,0)
RGB(0,237,0)
RGB(0,238,0)
RGB(0,239,0)
RGB(0,240,0)
RGB(0,241,0)
RGB(0,242,0)
RGB(0,243,0)
RGB(0,244,0)
RGB(0,245,0)
RGB(0,246,0)
RGB(0,247,0)
RGB(0,248,0)
RGB(0,249,0)
RGB(0,250,0)
RGB(0,251,0)
RGB(0,252,0)
RGB(0,253,0)
RGB(0,254,0)
RGB(0,255,0)
RGB(0,255,1)
RGB(0,255,2)
RGB(0,255,3)
RGB(0,255,4)
RGB(0,255,5)
RGB(0,255,6)
RGB(0,255,7)
RGB(0,255,8)
RGB(0,255,9)
RGB(0,255,10)
RGB(0,255,11)
RGB(0,255,12)
RGB(0,255,13)
RGB(0,255,14)
RGB(0,255,15)
RGB(0,255,16)
RGB(0,255,17)
RGB(0,255,18)
RGB(0,255,19)
RGB(0,255,20)
RGB(0,255,21)
RGB(0,255,22)
RGB(0,255,23)
RGB(0,255,24)
RGB(0,255,25)
RGB(0,255,26)
RGB(0,255,27)
RGB(0,255,28)
RGB(0,255,29)
RGB(0,255,30)
RGB(0,255,31)
RGB(0,255,32)
RGB(0,255,33)
RGB(0,255,34)
RGB(0,255,35)
RGB(0,255,36)
RGB(0,255,37)
RGB(0,255,38)
RGB(0,255,39)
RGB(0,255,40)
RGB(0,255,41)
RGB(0,255,42)
RGB(0,255,43)
RGB(0,255,44)
RGB(0,255,45)
RGB(0,255,46)
RGB(0,255,47)
RGB(0,255,48)
RGB(0,255,49)
RGB(0,255,50)
RGB(0,255,51)
RGB(0,255,52)
RGB(0,255,53)
RGB(0,255,54)
RGB(0,255,55)
RGB(0,255,56)
RGB(0,255,57)
RGB(0,255,58)
RGB(0,255,59)
RGB(0,255,60)
RGB(0,255,61)
RGB(0,255,62)
RGB(0,255,63)
RGB(0,255,64)
RGB(0,255,65)
RGB(0,255,66)
RGB(0,255,67)
RGB(0,255,68)
RGB(0,255,69)
RGB(0,255,70)
RGB(0,255,71)
RGB(0,255,72)
RGB(0,255,73)
RGB(0,255,74)
RGB(0,255,75)
RGB(0,255,76)
RGB(0,255,77)
RGB(0,255,78)
RGB(0,255,79)
RGB(0,255,80)
RGB(0,255,81)
RGB(0,255,82)
RGB(0,255,83)
RGB(0,255,84)
RGB(0,255,85)
RGB(0,255,86)
RGB(0,255,87)
RGB(0,255,88)
RGB(0,255,89)
RGB(0,255,90)
RGB(0,255,91)
RGB(0,255,92)
RGB(0,255,93)
RGB(0,255,94)
RGB(0,255,95)
RGB(0,255,96)
RGB(0,255,97)
RGB(0,255,98)
RGB(0,255,99)
RGB(0,255,100)
RGB(0,255,101)
RGB(0,255,102)
RGB(0,255,103)
RGB(0,255,104)
RGB(0,255,105)
RGB(0,255,106)
RGB(0,255,107)
RGB(0,255,108)
RGB(0,255,109)
RGB(0,255,110)
RGB(0,255,111)
RGB(0,255,112)
RGB(0,255,113)
RGB(0,255,114)
RGB(0,255,115)
RGB(0,255,116)
RGB(0,255,117)
RGB(0,255,118)
RGB(0,255,119)
RGB(0,255,120)
RGB(0,255,121)
RGB(0,255,122)
RGB(0,255,123)
RGB(0,255,124)
RGB(0,255,125)
RGB(0,255,126)
RGB(0,255,127)
RGB(0,255,128)
RGB(0,255,129)
RGB(0,255,130)
RGB(0,255,131)
RGB(0,255,132)
RGB(0,255,133)
RGB(0,255,134)
RGB(0,255,135)
RGB(0,255,136)
RGB(0,255,137)
RGB(0,255,138)
RGB(0,255,139)
RGB(0,255,140)
RGB(0,255,141)
RGB(0,255,142)
RGB(0,255,143)
RGB(0,255,144)
RGB(0,255,145)
RGB(0,255,146)
RGB(0,255,147)
RGB(0,255,148)
RGB(0,255,149)
RGB(0,255,150)
RGB(0,255,151)
RGB(0,255,152)
RGB(0,255,153)
RGB(0,255,154)
RGB(0,255,155)
RGB(0,255,156)
RGB(0,255,157)
RGB(0,255,158)
RGB(0,255,159)
RGB(0,255,160)
RGB(0,255,161)
RGB(0,255,162)
RGB(0,255,163)
RGB(0,255,164)
RGB(0,255,165)
RGB(0,255,166)
RGB(0,255,167)
RGB(0,255,168)
RGB(0,255,169)
RGB(0,255,170)
RGB(0,255,171)
RGB(0,255,172)
RGB(0,255,173)
RGB(0,255,174)
RGB(0,255,175)
RGB(0,255,176)
RGB(0,255,177)
RGB(0,255,178)
RGB(0,255,179)
RGB(0,255,180)
RGB(0,255,181)
RGB(0,255,182)
RGB(0,255,183)
RGB(0,255,184)
RGB(0,255,185)
RGB(0,255,186)
RGB(0,255,187)
RGB(0,255,188)
RGB(0,255,189)
RGB(0,255,190)
RGB(0,255,191)
RGB(0,255,190)
RGB(0,255,189)
RGB(0,255,188)
RGB(0,255,187)
RGB(0,255,186)
RGB(0,255,185)
RGB(0,255,184)
RGB(0,255,183)
RGB(0,255,182)
RGB(0,255,181)
RGB(0,255,180)
RGB(0,255,179)
RGB(0,255,178)
RGB(0,255,177)
RGB(0,255,176)
RGB(0,255,175)
RGB(0,255,174)
RGB(0,255,173)
RGB(0,255,172)
RGB(0,255,171)
RGB(0,255,170)
RGB(0,255,169)
RGB(0,255,168)
RGB(0,255,167)
RGB(0,255,166)
RGB(0,255,165)
RGB(0,255,164)
RGB(0,255,163)
RGB(0,255,162)
RGB(0,255,161)
RGB(0,255,160)
RGB(0,255,159)
RGB(0,255,158)
RGB(0,255,157)
RGB(0,255,156)
RGB(0,255,155)
RGB(0,255,154)
RGB(0,255,153)
RGB(0,255,152)
RGB(0,255,151)
RGB(0,255,150)
RGB(0,255,149)
RGB(0,255,148)
RGB(0,255,147)
RGB(0,255,146)
RGB(0,255,145)
RGB(0,255,144)
RGB(0,255,143)
RGB(0,255,142)
RGB(0,255,141)
RGB(0,255,140)
RGB(0,255,139)
RGB(0,255,138)
RGB(0,255,137)
RGB(0,255,136)
RGB(0,255,135)
RGB(0,255,134)
RGB(0,255,133)
RGB(0,255,132)
RGB(0,255,131)
RGB(0,255,130)
RGB(0,255,129)
RGB(0,255,128)
RGB(0,255,127)
RGB(0,255,126)
RGB(0,255,125)
RGB(0,255,124)
RGB(0,255,123)
RGB(0,255,122)
RGB(0,255,121)
RGB(0,255,120)
RGB(0,255,119)
RGB(0,255,118)
RGB(0,255,117)
RGB(0,255,116)
RGB(0,255,115)
RGB(0,255,114)
RGB(0,255,113)
RGB(0,255,112)
RGB(0,255,111)
RGB(0,255,110)
RGB(0,255,109)
RGB(0,255,108)
RGB(0,255,107)
RGB(0,255,106)
RGB(0,255,105)
RGB(0,255,104)
RGB(0,255,103)
RGB(0,255,102)
RGB(0,255,101)
RGB(0,255,100)
RGB(0,255,99)
RGB(0,255,98)
RGB(0,255,97)
RGB(0,255,96)
RGB(0,255,95)
RGB(0,255,94)
RGB(0,255,93)
RGB(0,255,92)
RGB(0,255,91)
RGB(0,255,90)
RGB(0,255,89)
RGB(0,255,88)
RGB(0,255,87)
RGB(0,255,86)
RGB(0,255,85)
RGB(0,255,84)
RGB(0,255,83)
RGB(0,255,82)
RGB(0,255,81)
RGB(0,255,80)
RGB(0,255,79)
RGB(0,255,78)
RGB(0,255,77)
RGB(0,255,76)
RGB(0,255,75)
RGB(0,255,74)
RGB(0,255,73)
RGB(0,255,72)
RGB(0,255,71)
RGB(0,255,70)
RGB(0,255,69)
RGB(0,255,68)
RGB(0,255,67)
RGB(0,255,66)
RGB(0,255,65)
RGB(0,255,64)
RGB(0,255,63)
RGB(0,255,62)
RGB(0,255,61)
RGB(0,255,60)
RGB(0,255,59)
RGB(0,255,58)
RGB(0,255,57)
RGB(0,255,56)
RGB(0,255,55)
RGB(0,255,54)
RGB(0,255,53)
RGB(0,255,52)
RGB(0,255,51)
RGB(0,255,50)
RGB(0,255,49)
RGB(0,255,48)
RGB(0,255,47)
RGB(0,255,46)
RGB(0,255,45)
RGB(0,255,44)
RGB(0,255,43)
RGB(0,255,42)
RGB(0,255,41)
RGB(0,255,40)
RGB(0,255,39)
RGB(0,255,38)
RGB(0,255,37)
RGB(0,255,36)
RGB(0,255,35)
RGB(0,255,34)
RGB(0,255,33)
RGB(0,255,32)
RGB(0,255,31)
RGB(0,255,30)
RGB(0,255,29)
RGB(0,255,28)
RGB(0,255,27)
RGB(0,255,26)
RGB(0,255,25)
RGB(0,255,24)
RGB(0,255,23)
RGB(0,255,22)
RGB(0,255,21)
RGB(0,255,20)
RGB(0,255,19)
RGB(0,255,18)
RGB(0,255,17)
RGB(0,255,16)
RGB(0,255,15)
RGB(0,255,14)
RGB(0,255,13)
RGB(0,255,12)
RGB(0,255,11)
RGB(0,255,10)
RGB(0,255,9)
RGB(0,255,8)
RGB(0,255,7)
RGB(0,255,6)
RGB(0,255,5)
RGB(0,255,4)
RGB(0,255,3)
RGB(0,255,2)
RGB(0,255,1)
RGB(0,255,0)
RGB(0,254,0)
RGB(0,253,0)
RGB(0,252,0)
RGB(0,251,0)
RGB(0,250,0)
RGB(0,249,0)
RGB(0,248,0)
RGB(0,247,0)
RGB(0,246,0)
RGB(0,245,0)
RGB(0,244,0)
RGB(0,243,0)
RGB(0,242,0)
RGB(0,241,0)
RGB(0,240,0)
RGB(0,239,0)
RGB(0,238,0)
RGB(0,237,0)
RGB(0,236,0)
RGB(0,235,0)
RGB(0,234,0)
RGB(0,233,0)
RGB(0,232,0)
RGB(0,231,0)
RGB(0,230,0)
RGB(0,229,0)
RGB(0,228,0)
RGB(0,227,0)
RGB(0,226,0)
RGB(0,225,0)
RGB(0,224,0)
RGB(0,223,0)
RGB(0,222,0)
RGB(0,221,0)
RGB(0,220,0)
RGB(0,219,0)
RGB(0,218,0)
RGB(0,217,0)
RGB(0,216,0)
RGB(0,215,0)
RGB(0,214,0)
RGB(0,213,0)
RGB(0,212,0)
RGB(0,211,0)
RGB(0,210,0)
RGB(0,209,0)
RGB(0,208,0)
RGB(0,207,0)
RGB(0,206,0)
RGB(0,205,0)
RGB(0,204,0)
RGB(0,203,0)
RGB(0,202,0)
RGB(0,201,0)
RGB(0,200,0)
RGB(0,199,0)
RGB(0,198,0)
RGB(0,197,0)
RGB(0,196,0)
RGB(0,195,0)
RGB(0,194,0)
RGB(0,193,0)
RGB(0,192,0)
RGB(0,191,0)
RGB(0,190,0)
RGB(0,189,0)
RGB(0,188,0)
RGB(0,187,0)
RGB(0,186,0)
RGB(0,185,0)
RGB(0,184,0)
RGB(0,183,0)
RGB(0,182,0)
RGB(0,181,0)
RGB(0,180,0)
RGB(0,179,0)
RGB(0,178,0)
RGB(0,177,0)
RGB(0,176,0)
RGB(0,175,0)
RGB(0,174,0)
RGB(0,173,0)
RGB(0,172,0)
RGB(0,171,0)
RGB(0,170,0)
RGB(0,169,0)
RGB(0,168,0)
RGB(0,167,0)
RGB(0,166,0)
RGB(0,165,0)
RGB(0,164,0)
RGB(0,163,0)
RGB(0,162,0)
RGB(0,161,0)
RGB(0,160,0)
RGB(0,159,0)
RGB(0,158,0)
RGB(0,157,0)
RGB(0,156,0)
RGB(0,155,0)
RGB(0,154,0)
RGB(0,153,0)
RGB(0,152,0)
RGB(0,151,0)
RGB(0,150,0)
RGB(0,149,0)
RGB(0,148,0)
RGB(0,147,0)
RGB(0,146,0)
RGB(0,145,0)
RGB(0,144,0)
RGB(0,143,0)
RGB(0,142,0)
RGB(0,141,0)
RGB(0,140,0)
RGB(0,139,0)
RGB(0,138,0)
RGB(0,137,0)
RGB(0,136,0)
RGB(0,135,0)
RGB(0,134,0)
RGB(0,133,0)
RGB(0,132,0)
RGB(0,131,0)
RGB(0,130,0)
RGB(0,129,0)
RGB(0,128,0)
RGB(0,0,0)
