RGB(1,0,0)
RGB(2,0,0)
RGB(3,0,0)
RGB(4,0,0)
RGB(5,0,0)
RGB(6,0,0)
RGB(7,0,0)
RGB(8,0,0)
RGB(9,0,0)
RGB(10,0,0)
RGB(11,0,0)
RGB(12,0,0)
RGB(13,0,0)
RGB(14,0,0)
RGB(15,0,0)
RGB(16,0,0)
RGB(17,0,0)
RGB(18,0,0)
RGB(19,0,0)
RGB(20,0,0)
RGB(21,0,0)
RGB(22,0,0)
RGB(23,0,0)
RGB(24,0,0)
RGB(25,0,0)
RGB(26,0,0)
RGB(27,0,0)
RGB(28,0,0)
RGB(29,0,0)
RGB(30,0,0)
RGB(31,0,0)
RGB(32,0,0)
RGB(33,0,0)
RGB(34,0,0)
RGB(35,0,0)
RGB(36,0,0)
RGB(37,0,0)
RGB(38,0,0)
RGB(39,0,0)
RGB(40,0,0)
RGB(41,0,0)
RGB(42,0,0)
RGB(43,0,0)
RGB(44,0,0)
RGB(45,0,0)
RGB(46,0,0)
RGB(47,0,0)
RGB(48,0,0)
RGB(49,0,0)
RGB(50,0,0)
RGB(51,0,0)
RGB(52,0,0)
RGB(53,0,0)
RGB(54,0,0)
RGB(55,0,0)
RGB(56,0,0)
RGB(57,0,0)
RGB(58,0,0)
RGB(59,0,0)
RGB(60,0,0)
RGB(61,0,0)
RGB(62,0,0)
RGB(63,0,0)
RGB(64,0,0)
RGB(65,0,0)
RGB(66,0,0)
RGB(67,0,0)
RGB(68,0,0)
RGB(69,0,0)
RGB(70,0,0)
RGB(71,0,0)
RGB(72,0,0)
RGB(73,0,0)
RGB(74,0,0)
RGB(75,0,0)
RGB(76,0,0)
RGB(77,0,0)
RGB(78,0,0)
RGB(79,0,0)
RGB(80,0,0)
RGB(81,0,0)
RGB(82,0,0)
RGB(83,0,0)
RGB(84,0,0)
RGB(85,0,0)
RGB(86,0,0)
RGB(87,0,0)
RGB(88,0,0)
RGB(89,0,0)
RGB(90,0,0)
RGB(91,0,0)
RGB(92,0,0)
RGB(93,0,0)
RGB(94,0,0)
RGB(95,0,0)
RGB(96,0,0)
RGB(97,0,0)
RGB(98,0,0)
RGB(99,0,0)
RGB(100,0,0)
RGB(101,0,0)
RGB(102,0,0)
RGB(103,0,0)
RGB(104,0,0)
RGB(105,0,0)
RGB(106,0,0)
RGB(107,0,0)
RGB(108,0,0)
RGB(109,0,0)
RGB(110,0,0)
RGB(111,0,0)
RGB(112,0,0)
RGB(113,0,0)
RGB(114,0,0)
RGB(115,0,0)
RGB(116,0,0)
RGB(117,0,0)
RGB(118,0,0)
RGB(119,0,0)
RGB(120,0,0)
RGB(121,0,0)
RGB(122,0,0)
RGB(123,0,0)
RGB(124,0,0)
RGB(125,0,0)
RGB(126,0,0)
RGB(127,0,0)
RGB(128,0,0)
RGB(129,0,0)
RGB(130,0,0)
RGB(131,0,0)
RGB(132,0,0)
RGB(133,0,0)
RGB(134,0,0)
RGB(135,0,0)
RGB(136,0,0)
RGB(137,0,0)
RGB(138,0,0)
RGB(139,0,0)
RGB(140,0,0)
RGB(141,0,0)
RGB(142,0,0)
RGB(143,0,0)
RGB(144,0,0)
RGB(145,0,0)
RGB(146,0,0)
RGB(147,0,0)
RGB(148,0,0)
RGB(149,0,0)
RGB(150,0,0)
RGB(151,0,0)
RGB(152,0,0)
RGB(153,0,0)
RGB(154,0,0)
RGB(155,0,0)
RGB(156,0,0)
RGB(157,0,0)
RGB(158,0,0)
RGB(159,0,0)
RGB(160,0,0)
RGB(161,0,0)
RGB(162,0,0)
RGB(163,0,0)
RGB(164,0,0)
RGB(165,0,0)
RGB(166,0,0)
RGB(167,0,0)
RGB(168,0,0)
RGB(169,0,0)
RGB(170,0,0)
RGB(171,0,0)
RGB(172,0,0)
RGB(173,0,0)
RGB(174,0,0)
RGB(175,0,0)
RGB(176,0,0)
RGB(177,0,0)
RGB(178,0,0)
RGB(179,0,0)
RGB(180,0,0)
RGB(181,0,0)
RGB(182,0,0)
RGB(183,0,0)
RGB(184,0,0)
RGB(185,0,0)
RGB(186,0,0)
RGB(187,0,0)
RGB(188,0,0)
RGB(189,0,0)
RGB(190,0,0)
RGB(191,0,0)
RGB(192,0,0)
RGB(193,0,0)
RGB(194,0,0)
RGB(195,0,0)
RGB(196,0,0)
RGB(197,0,0)
RGB(198,0,0)
RGB(199,0,0)
RGB(200,0,0)
RGB(201,0,0)
RGB(202,0,0)
RGB(203,0,0)
RGB(204,0,0)
RGB(205,0,0)
RGB(206,0,0)
RGB(207,0,0)
RGB(208,0,0)
RGB(209,0,0)
RGB(210,0,0)
RGB(211,0,0)
RGB(212,0,0)
RGB(213,0,0)
RGB(214,0,0)
RGB(215,0,0)
RGB(216,0,0)
RGB(217,0,0)
RGB(218,0,0)
RGB(219,0,0)
RGB(220,0,0)
RGB(221,0,0)
RGB(222,0,0)
RGB(223,0,0)
RGB(224,0,0)
RGB(225,0,0)
RGB(226,0,0)
RGB(227,0,0)
RGB(228,0,0)
RGB(229,0,0)
RGB(230,0,0)
RGB(231,0,0)
RGB(232,0,0)
RGB(233,0,0)
RGB(234,0,0)
RGB(235,0,0)
RGB(236,0,0)
RGB(237,0,0)
RGB(238,0,0)
RGB(239,0,0)
RGB(240,0,0)
RGB(241,0,0)
RGB(242,0,0)
RGB(243,0,0)
RGB(244,0,0)
RGB(245,0,0)
RGB(246,0,0)
RGB(247,0,0)
RGB(248,0,0)
RGB(249,0,0)
RGB(250,0,0)
RGB(251,0,0)
RGB(252,0,0)
RGB(253,0,0)
RGB(254,0,0)
RGB(255,0,0)
RGB(255,0,0)
RGB(255,1,0)
RGB(255,2,0)
RGB(255,3,0)
RGB(255,4,0)
RGB(255,5,0)
RGB(255,6,0)
RGB(255,7,0)
RGB(255,8,0)
RGB(255,9,0)
RGB(255,10,0)
RGB(255,11,0)
RGB(255,12,0)
RGB(255,13,0)
RGB(255,14,0)
RGB(255,15,0)
RGB(255,16,0)
RGB(255,17,0)
RGB(255,18,0)
RGB(255,19,0)
RGB(255,20,0)
RGB(255,21,0)
RGB(255,22,0)
RGB(255,23,0)
RGB(255,24,0)
RGB(255,25,0)
RGB(255,26,0)
RGB(255,27,0)
RGB(255,28,0)
RGB(255,29,0)
RGB(255,30,0)
RGB(255,31,0)
RGB(255,32,0)
RGB(255,33,0)
RGB(255,34,0)
RGB(255,35,0)
RGB(255,36,0)
RGB(255,37,0)
RGB(255,38,0)
RGB(255,39,0)
RGB(255,40,0)
RGB(255,41,0)
RGB(255,42,0)
RGB(255,43,0)
RGB(255,44,0)
RGB(255,45,0)
RGB(255,46,0)
RGB(255,47,0)
RGB(255,48,0)
RGB(255,49,0)
RGB(255,50,0)
RGB(255,51,0)
RGB(255,52,0)
RGB(255,53,0)
RGB(255,54,0)
RGB(255,55,0)
RGB(255,56,0)
RGB(255,57,0)
RGB(255,58,0)
RGB(255,59,0)
RGB(255,60,0)
RGB(255,61,0)
RGB(255,62,0)
RGB(255,63,0)
RGB(255,64,0)
RGB(255,65,0)
RGB(255,66,0)
RGB(255,67,0)
RGB(255,68,0)
RGB(255,69,0)
RGB(255,70,0)
RGB(255,71,0)
RGB(255,72,0)
RGB(255,73,0)
RGB(255,74,0)
RGB(255,75,0)
RGB(255,76,0)
RGB(255,77,0)
RGB(255,78,0)
RGB(255,79,0)
RGB(255,80,0)
RGB(255,81,0)
RGB(255,82,0)
RGB(255,83,0)
RGB(255,84,0)
RGB(255,85,0)
RGB(255,86,0)
RGB(255,87,0)
RGB(255,88,0)
RGB(255,89,0)
RGB(255,90,0)
RGB(255,91,0)
RGB(255,92,0)
RGB(255,93,0)
RGB(255,94,0)
RGB(255,95,0)
RGB(255,96,0)
RGB(255,97,0)
RGB(255,98,0)
RGB(255,99,0)
RGB(255,100,0)
RGB(255,101,0)
RGB(255,102,0)
RGB(255,103,0)
RGB(255,104,0)
RGB(255,105,0)
RGB(255,106,0)
RGB(255,107,0)
RGB(255,108,0)
RGB(255,109,0)
RGB(255,110,0)
RGB(255,111,0)
RGB(255,112,0)
RGB(255,113,0)
RGB(255,114,0)
RGB(255,115,0)
RGB(255,116,0)
RGB(255,117,0)
RGB(255,118,0)
RGB(255,119,0)
RGB(255,120,0)
RGB(255,121,0)
RGB(255,122,0)
RGB(255,123,0)
RGB(255,124,0)
RGB(255,125,0)
RGB(255,126,0)
RGB(255,127,0)
RGB(255,128,0)
RGB(255,129,0)
RGB(255,130,0)
RGB(255,131,0)
RGB(255,132,0)
RGB(255,133,0)
RGB(255,134,0)
RGB(255,135,0)
RGB(255,136,0)
RGB(255,137,0)
RGB(255,138,0)
RGB(255,139,0)
RGB(255,140,0)
RGB(255,141,0)
RGB(255,142,0)
RGB(255,143,0)
RGB(255,144,0)
RGB(255,145,0)
RGB(255,146,0)
RGB(255,147,0)
RGB(255,148,0)
RGB(255,149,0)
RGB(255,150,0)
RGB(255,151,0)
RGB(255,152,0)
RGB(255,153,0)
RGB(255,154,0)
RGB(255,155,0)
RGB(255,156,0)
RGB(255,157,0)
RGB(255,158,0)
RGB(255,159,0)
RGB(255,160,0)
RGB(255,161,0)
RGB(255,162,0)
RGB(255,163,0)
RGB(255,164,0)
RGB(255,165,0)
RGB(255,166,0)
RGB(255,167,0)
RGB(255,168,0)
RGB(255,169,0)
RGB(255,170,0)
RGB(255,171,0)
RGB(255,172,0)
RGB(255,173,0)
RGB(255,174,0)
RGB(255,175,0)
RGB(255,176,0)
RGB(255,177,0)
RGB(255,178,0)
RGB(255,179,0)
RGB(255,180,0)
RGB(255,181,0)
RGB(255,182,0)
RGB(255,183,0)
RGB(255,184,0)
RGB(255,185,0)
RGB(255,186,0)
RGB(255,187,0)
RGB(255,188,0)
RGB(255,189,0)
RGB(255,190,0)
RGB(255,191,0)
RGB(255,192,0)
RGB(255,193,0)
RGB(255,194,0)
RGB(255,195,0)
RGB(255,196,0)
RGB(255,197,0)
RGB(255,198,0)
RGB(255,199,0)
RGB(255,200,0)
RGB(255,201,0)
RGB(255,202,0)
RGB(255,203,0)
RGB(255,204,0)
RGB(255,205,0)
RGB(255,206,0)
RGB(255,207,0)
RGB(255,208,0)
RGB(255,209,0)
RGB(255,210,0)
RGB(255,211,0)
RGB(255,212,0)
RGB(255,213,0)
RGB(255,214,0)
RGB(255,215,0)
RGB(255,216,0)
RGB(255,217,0)
RGB(255,218,0)
RGB(255,219,0)
RGB(255,220,0)
RGB(255,221,0)
RGB(255,222,0)
RGB(255,223,0)
RGB(255,224,0)
RGB(255,225,0)
RGB(255,226,0)
RGB(255,227,0)
RGB(255,228,0)
RGB(255,229,0)
RGB(255,230,0)
RGB(255,231,0)
RGB(255,232,0)
RGB(255,233,0)
RGB(255,234,0)
RGB(255,235,0)
RGB(255,236,0)
RGB(255,237,0)
RGB(255,238,0)
RGB(255,239,0)
RGB(255,240,0)
RGB(255,241,0)
RGB(255,242,0)
RGB(255,243,0)
RGB(255,244,0)
RGB(255,245,0)
RGB(255,246,0)
RGB(255,247,0)
RGB(255,248,0)
RGB(255,249,0)
RGB(255,250,0)
RGB(255,251,0)
RGB(255,252,0)
RGB(255,253,0)
RGB(255,254,0)
RGB(255,255,0)
RGB(255,254,0)
RGB(255,253,0)
RGB(255,252,0)
RGB(255,251,0)
RGB(255,250,0)
RGB(255,249,0)
RGB(255,248,0)
RGB(255,247,0)
RGB(255,246,0)
RGB(255,245,0)
RGB(255,244,0)
RGB(255,243,0)
RGB(255,242,0)
RGB(255,241,0)
RGB(255,240,0)
RGB(255,239,0)
RGB(255,238,0)
RGB(255,237,0)
RGB(255,236,0)
RGB(255,235,0)
RGB(255,234,0)
RGB(255,233,0)
RGB(255,232,0)
RGB(255,231,0)
RGB(255,230,0)
RGB(255,229,0)
RGB(255,228,0)
RGB(255,227,0)
RGB(255,226,0)
RGB(255,225,0)
RGB(255,224,0)
RGB(255,223,0)
RGB(255,222,0)
RGB(255,221,0)
RGB(255,220,0)
RGB(255,219,0)
RGB(255,218,0)
RGB(255,217,0)
RGB(255,216,0)
RGB(255,215,0)
RGB(255,214,0)
RGB(255,213,0)
RGB(255,212,0)
RGB(255,211,0)
RGB(255,210,0)
RGB(255,209,0)
RGB(255,208,0)
RGB(255,207,0)
RGB(255,206,0)
RGB(255,205,0)
RGB(255,204,0)
RGB(255,203,0)
RGB(255,202,0)
RGB(255,201,0)
RGB(255,200,0)
RGB(255,199,0)
RGB(255,198,0)
RGB(255,197,0)
RGB(255,196,0)
RGB(255,195,0)
RGB(255,194,0)
RGB(255,193,0)
RGB(255,192,0)
RGB(255,191,0)
RGB(255,190,0)
RGB(255,189,0)
RGB(255,188,0)
RGB(255,187,0)
RGB(255,186,0)
RGB(255,185,0)
RGB(255,184,0)
RGB(255,183,0)
RGB(255,182,0)
RGB(255,181,0)
RGB(255,180,0)
RGB(255,179,0)
RGB(255,178,0)
RGB(255,177,0)
RGB(255,176,0)
RGB(255,175,0)
RGB(255,174,0)
RGB(255,173,0)
RGB(255,172,0)
RGB(255,171,0)
RGB(255,170,0)
RGB(255,169,0)
RGB(255,168,0)
RGB(255,167,0)
RGB(255,166,0)
RGB(255,165,0)
RGB(255,164,0)
RGB(255,163,0)
RGB(255,162,0)
RGB(255,161,0)
RGB(255,160,0)
RGB(255,159,0)
RGB(255,158,0)
RGB(255,157,0)
RGB(255,156,0)
RGB(255,155,0)
RGB(255,154,0)
RGB(255,153,0)
RGB(255,152,0)
RGB(255,151,0)
RGB(255,150,0)
RGB(255,149,0)
RGB(255,148,0)
RGB(255,147,0)
RGB(255,146,0)
RGB(255,145,0)
RGB(255,144,0)
RGB(255,143,0)
RGB(255,142,0)
RGB(255,141,0)
RGB(255,140,0)
RGB(255,139,0)
RGB(255,138,0)
RGB(255,137,0)
RGB(255,136,0)
RGB(255,135,0)
RGB(255,134,0)
RGB(255,133,0)
RGB(255,132,0)
RGB(255,131,0)
RGB(255,130,0)
RGB(255,129,0)
RGB(255,128,0)
RGB(255,127,0)
RGB(255,126,0)
RGB(255,125,0)
RGB(255,124,0)
RGB(255,123,0)
RGB(255,122,0)
RGB(255,121,0)
RGB(255,120,0)
RGB(255,119,0)
RGB(255,118,0)
RGB(255,117,0)
RGB(255,116,0)
RGB(255,115,0)
RGB(255,114,0)
RGB(255,113,0)
RGB(255,112,0)
RGB(255,111,0)
RGB(255,110,0)
RGB(255,109,0)
RGB(255,108,0)
RGB(255,107,0)
RGB(255,106,0)
RGB(255,105,0)
RGB(255,104,0)
RGB(255,103,0)
RGB(255,102,0)
RGB(255,101,0)
RGB(255,100,0)
RGB(255,99,0)
RGB(255,98,0)
RGB(255,97,0)
RGB(255,96,0)
RGB(255,95,0)
RGB(255,94,0)
RGB(255,93,0)
RGB(255,92,0)
RGB(255,91,0)
RGB(255,90,0)
RGB(255,89,0)
RGB(255,88,0)
RGB(255,87,0)
RGB(255,86,0)
RGB(255,85,0)
RGB(255,84,0)
RGB(255,83,0)
RGB(255,82,0)
RGB(255,81,0)
RGB(255,80,0)
RGB(255,79,0)
RGB(255,78,0)
RGB(255,77,0)
RGB(255,76,0)
RGB(255,75,0)
RGB(255,74,0)
RGB(255,73,0)
RGB(255,72,0)
RGB(255,71,0)
RGB(255,70,0)
RGB(255,69,0)
RGB(255,68,0)
RGB(255,67,0)
RGB(255,66,0)
RGB(255,65,0)
RGB(255,64,0)
RGB(255,63,0)
RGB(255,62,0)
RGB(255,61,0)
RGB(255,60,0)
RGB(255,59,0)
RGB(255,58,0)
RGB(255,57,0)
RGB(255,56,0)
RGB(255,55,0)
RGB(255,54,0)
RGB(255,53,0)
RGB(255,52,0)
RGB(255,51,0)
RGB(255,50,0)
RGB(255,49,0)
RGB(255,48,0)
RGB(255,47,0)
RGB(255,46,0)
RGB(255,45,0)
RGB(255,44,0)
RGB(255,43,0)
RGB(255,42,0)
RGB(255,41,0)
RGB(255,40,0)
RGB(255,39,0)
RGB(255,38,0)
RGB(255,37,0)
RGB(255,36,0)
RGB(255,35,0)
RGB(255,34,0)
RGB(255,33,0)
RGB(255,32,0)
RGB(255,31,0)
RGB(255,30,0)
RGB(255,29,0)
RGB(255,28,0)
RGB(255,27,0)
RGB(255,26,0)
RGB(255,25,0)
RGB(255,24,0)
RGB(255,23,0)
RGB(255,22,0)
RGB(255,21,0)
RGB(255,20,0)
RGB(255,19,0)
RGB(255,18,0)
RGB(255,17,0)
RGB(255,16,0)
RGB(255,15,0)
RGB(255,14,0)
RGB(255,13,0)
RGB(255,12,0)
RGB(255,11,0)
RGB(255,10,0)
RGB(255,9,0)
RGB(255,8,0)
RGB(255,7,0)
RGB(255,6,0)
RGB(255,5,0)
RGB(255,4,0)
RGB(255,3,0)
RGB(255,2,0)
RGB(255,1,0)
RGB(255,0,0)
RGB(255,1,0)
RGB(255,2,0)
RGB(255,3,0)
RGB(255,4,0)
RGB(255,5,0)
RGB(255,6,0)
RGB(255,7,0)
RGB(255,8,0)
RGB(255,9,0)
RGB(255,10,0)
RGB(255,11,0)
RGB(255,12,0)
RGB(255,13,0)
RGB(255,14,0)
RGB(255,15,0)
RGB(255,16,0)
RGB(255,17,0)
RGB(255,18,0)
RGB(255,19,0)
RGB(255,20,0)
RGB(255,21,0)
RGB(255,22,0)
RGB(255,23,0)
RGB(255,24,0)
RGB(255,25,0)
RGB(255,26,0)
RGB(255,27,0)
RGB(255,28,0)
RGB(255,29,0)
RGB(255,30,0)
RGB(255,31,0)
RGB(255,32,0)
RGB(255,33,0)
RGB(255,34,0)
RGB(255,35,0)
RGB(255,36,0)
RGB(255,37,0)
RGB(255,38,0)
RGB(255,39,0)
RGB(255,40,0)
RGB(255,41,0)
RGB(255,42,0)
RGB(255,43,0)
RGB(255,44,0)
RGB(255,45,0)
RGB(255,46,0)
RGB(255,47,0)
RGB(255,48,0)
RGB(255,49,0)
RGB(255,50,0)
RGB(255,51,0)
RGB(255,52,0)
RGB(255,53,0)
RGB(255,54,0)
RGB(255,55,0)
RGB(255,56,0)
RGB(255,57,0)
RGB(255,58,0)
RGB(255,59,0)
RGB(255,60,0)
RGB(255,61,0)
RGB(255,62,0)
RGB(255,63,0)
RGB(255,64,0)
RGB(255,65,0)
RGB(255,66,0)
RGB(255,67,0)
RGB(255,68,0)
RGB(255,69,0)
RGB(255,70,0)
RGB(255,71,0)
RGB(255,72,0)
RGB(255,73,0)
RGB(255,74,0)
RGB(255,75,0)
RGB(255,76,0)
RGB(255,77,0)
RGB(255,78,0)
RGB(255,79,0)
RGB(255,80,0)
RGB(255,81,0)
RGB(255,82,0)
RGB(255,83,0)
RGB(255,84,0)
RGB(255,85,0)
RGB(255,86,0)
RGB(255,87,0)
RGB(255,88,0)
RGB(255,89,0)
RGB(255,90,0)
RGB(255,91,0)
RGB(255,92,0)
RGB(255,93,0)
RGB(255,94,0)
RGB(255,95,0)
RGB(255,96,0)
RGB(255,97,0)
RGB(255,98,0)
RGB(255,99,0)
RGB(255,100,0)
RGB(255,101,0)
RGB(255,102,0)
RGB(255,103,0)
RGB(255,104,0)
RGB(255,105,0)
RGB(255,106,0)
RGB(255,107,0)
RGB(255,108,0)
RGB(255,109,0)
RGB(255,110,0)
RGB(255,111,0)
RGB(255,112,0)
RGB(255,113,0)
RGB(255,114,0)
RGB(255,115,0)
RGB(255,116,0)
RGB(255,117,0)
RGB(255,118,0)
RGB(255,119,0)
RGB(255,120,0)
RGB(255,121,0)
RGB(255,122,0)
RGB(255,123,0)
RGB(255,124,0)
RGB(255,125,0)
RGB(255,126,0)
RGB(255,127,0)
RGB(255,128,0)
RGB(255,129,0)
RGB(255,130,0)
RGB(255,131,0)
RGB(255,132,0)
RGB(255,133,0)
RGB(255,134,0)
RGB(255,135,0)
RGB(255,136,0)
RGB(255,137,0)
RGB(255,138,0)
RGB(255,139,0)
RGB(255,140,0)
RGB(255,141,0)
RGB(255,142,0)
RGB(255,143,0)
RGB(255,144,0)
RGB(255,145,0)
RGB(255,146,0)
RGB(255,147,0)
RGB(255,148,0)
RGB(255,149,0)
RGB(255,150,0)
RGB(255,151,0)
RGB(255,152,0)
RGB(255,153,0)
RGB(255,154,0)
RGB(255,155,0)
RGB(255,156,0)
RGB(255,157,0)
RGB(255,158,0)
RGB(255,159,0)
RGB(255,160,0)
RGB(255,161,0)
RGB(255,162,0)
RGB(255,163,0)
RGB(255,164,0)
RGB(255,165,0)
RGB(255,166,0)
RGB(255,167,0)
RGB(255,168,0)
RGB(255,169,0)
RGB(255,170,0)
RGB(255,171,0)
RGB(255,172,0)
RGB(255,173,0)
RGB(255,174,0)
RGB(255,175,0)
RGB(255,176,0)
RGB(255,177,0)
RGB(255,178,0)
RGB(255,179,0)
RGB(255,180,0)
RGB(255,181,0)
RGB(255,182,0)
RGB(255,183,0)
RGB(255,184,0)
RGB(255,185,0)
RGB(255,186,0)
RGB(255,187,0)
RGB(255,188,0)
RGB(255,189,0)
RGB(255,190,0)
RGB(255,191,0)
RGB(255,192,0)
RGB(255,193,0)
RGB(255,194,0)
RGB(255,195,0)
RGB(255,196,0)
RGB(255,197,0)
RGB(255,198,0)
RGB(255,199,0)
RGB(255,200,0)
RGB(255,201,0)
RGB(255,202,0)
RGB(255,203,0)
RGB(255,204,0)
RGB(255,205,0)
RGB(255,206,0)
RGB(255,207,0)
RGB(255,208,0)
RGB(255,209,0)
RGB(255,210,0)
RGB(255,211,0)
RGB(255,212,0)
RGB(255,213,0)
RGB(255,214,0)
RGB(255,215,0)
RGB(255,216,0)
RGB(255,217,0)
RGB(255,218,0)
RGB(255,219,0)
RGB(255,220,0)
RGB(255,221,0)
RGB(255,222,0)
RGB(255,223,0)
RGB(255,224,0)
RGB(255,225,0)
RGB(255,226,0)
RGB(255,227,0)
RGB(255,228,0)
RGB(255,229,0)
RGB(255,230,0)
RGB(255,231,0)
RGB(255,232,0)
RGB(255,233,0)
RGB(255,234,0)
RGB(255,235,0)
RGB(255,236,0)
RGB(255,237,0)
RGB(255,238,0)
RGB(255,239,0)
RGB(255,240,0)
RGB(255,241,0)
RGB(255,242,0)
RGB(255,243,0)
RGB(255,244,0)
RGB(255,245,0)
RGB(255,246,0)
RGB(255,247,0)
RGB(255,248,0)
RGB(255,249,0)
RGB(255,250,0)
RGB(255,251,0)
RGB(255,252,0)
RGB(255,253,0)
RGB(255,254,0)
RGB(255,255,0)
RGB(255,255,1)
RGB(255,255,2)
RGB(255,255,3)
RGB(255,255,4)
RGB(255,255,5)
RGB(255,255,6)
RGB(255,255,7)
RGB(255,255,8)
RGB(255,255,9)
RGB(255,255,10)
RGB(255,255,11)
RGB(255,255,12)
RGB(255,255,13)
RGB(255,255,14)
RGB(255,255,15)
RGB(255,255,16)
RGB(255,255,17)
RGB(255,255,18)
RGB(255,255,19)
RGB(255,255,20)
RGB(255,255,21)
RGB(255,255,22)
RGB(255,255,23)
RGB(255,255,24)
RGB(255,255,25)
RGB(255,255,26)
RGB(255,255,27)
RGB(255,255,28)
RGB(255,255,29)
RGB(255,255,30)
RGB(255,255,31)
RGB(255,255,32)
RGB(255,255,33)
RGB(255,255,34)
RGB(255,255,35)
RGB(255,255,36)
RGB(255,255,37)
RGB(255,255,38)
RGB(255,255,39)
RGB(255,255,40)
RGB(255,255,41)
RGB(255,255,42)
RGB(255,255,43)
RGB(255,255,44)
RGB(255,255,45)
RGB(255,255,46)
RGB(255,255,47)
RGB(255,255,48)
RGB(255,255,49)
RGB(255,255,50)
RGB(255,255,51)
RGB(255,255,52)
RGB(255,255,53)
RGB(255,255,54)
RGB(255,255,55)
RGB(255,255,56)
RGB(255,255,57)
RGB(255,255,58)
RGB(255,255,59)
RGB(255,255,60)
RGB(255,255,61)
RGB(255,255,62)
RGB(255,255,63)
RGB(255,255,64)
RGB(255,255,65)
RGB(255,255,66)
RGB(255,255,67)
RGB(255,255,68)
RGB(255,255,69)
RGB(255,255,70)
RGB(255,255,71)
RGB(255,255,72)
RGB(255,255,73)
RGB(255,255,74)
RGB(255,255,75)
RGB(255,255,76)
RGB(255,255,77)
RGB(255,255,78)
RGB(255,255,79)
RGB(255,255,80)
RGB(255,255,81)
RGB(255,255,82)
RGB(255,255,83)
RGB(255,255,84)
RGB(255,255,85)
RGB(255,255,86)
RGB(255,255,87)
RGB(255,255,88)
RGB(255,255,89)
RGB(255,255,90)
RGB(255,255,91)
RGB(255,255,92)
RGB(255,255,93)
RGB(255,255,94)
RGB(255,255,95)
RGB(255,255,96)
RGB(255,255,97)
RGB(255,255,98)
RGB(255,255,99)
RGB(255,255,100)
RGB(255,255,101)
RGB(255,255,102)
RGB(255,255,103)
RGB(255,255,104)
RGB(255,255,105)
RGB(255,255,106)
RGB(255,255,107)
RGB(255,255,108)
RGB(255,255,109)
RGB(255,255,110)
RGB(255,255,111)
RGB(255,255,112)
RGB(255,255,113)
RGB(255,255,114)
RGB(255,255,115)
RGB(255,255,116)
RGB(255,255,117)
RGB(255,255,118)
RGB(255,255,119)
RGB(255,255,120)
RGB(255,255,121)
RGB(255,255,122)
RGB(255,255,123)
RGB(255,255,124)
RGB(255,255,125)
RGB(255,255,126)
RGB(255,255,127)
RGB(255,255,128)
RGB(255,255,129)
RGB(255,255,130)
RGB(255,255,131)
RGB(255,255,132)
RGB(255,255,133)
RGB(255,255,134)
RGB(255,255,135)
RGB(255,255,136)
RGB(255,255,137)
RGB(255,255,138)
RGB(255,255,139)
RGB(255,255,140)
RGB(255,255,141)
RGB(255,255,142)
RGB(255,255,143)
RGB(255,255,144)
RGB(255,255,145)
RGB(255,255,146)
RGB(255,255,147)
RGB(255,255,148)
RGB(255,255,149)
RGB(255,255,150)
RGB(255,255,151)
RGB(255,255,152)
RGB(255,255,153)
RGB(255,255,154)
RGB(255,255,155)
RGB(255,255,156)
RGB(255,255,157)
RGB(255,255,158)
RGB(255,255,159)
RGB(255,255,160)
RGB(255,255,161)
RGB(255,255,162)
RGB(255,255,163)
RGB(255,255,164)
RGB(255,255,165)
RGB(255,255,166)
RGB(255,255,167)
RGB(255,255,168)
RGB(255,255,169)
RGB(255,255,170)
RGB(255,255,171)
RGB(255,255,172)
RGB(255,255,173)
RGB(255,255,174)
RGB(255,255,175)
RGB(255,255,176)
RGB(255,255,177)
RGB(255,255,178)
RGB(255,255,179)
RGB(255,255,180)
RGB(255,255,181)
RGB(255,255,182)
RGB(255,255,183)
RGB(255,255,184)
RGB(255,255,185)
RGB(255,255,186)
RGB(255,255,187)
RGB(255,255,188)
RGB(255,255,189)
RGB(255,255,190)
RGB(255,255,191)
RGB(255,255,192)
RGB(255,255,193)
RGB(255,255,194)
RGB(255,255,195)
RGB(255,255,196)
RGB(255,255,197)
RGB(255,255,198)
RGB(255,255,199)
RGB(255,255,200)
RGB(255,255,201)
RGB(255,255,202)
RGB(255,255,203)
RGB(255,255,204)
RGB(255,255,205)
RGB(255,255,206)
RGB(255,255,207)
RGB(255,255,208)
RGB(255,255,209)
RGB(255,255,210)
RGB(255,255,211)
RGB(255,255,212)
RGB(255,255,213)
RGB(255,255,214)
RGB(255,255,215)
RGB(255,255,216)
RGB(255,255,217)
RGB(255,255,218)
RGB(255,255,219)
RGB(255,255,220)
RGB(255,255,221)
RGB(255,255,222)
RGB(255,255,223)
RGB(255,255,224)
RGB(255,255,225)
RGB(255,255,226)
RGB(255,255,227)
RGB(255,255,228)
RGB(255,255,229)
RGB(255,255,230)
RGB(255,255,231)
RGB(255,255,232)
RGB(255,255,233)
RGB(255,255,234)
RGB(255,255,235)
RGB(255,255,236)
RGB(255,255,237)
RGB(255,255,238)
RGB(255,255,239)
RGB(255,255,240)
RGB(255,255,241)
RGB(255,255,242)
RGB(255,255,243)
RGB(255,255,244)
RGB(255,255,245)
RGB(255,255,246)
RGB(255,255,247)
RGB(255,255,248)
RGB(255,255,249)
RGB(255,255,250)
RGB(255,255,251)
RGB(255,255,252)
RGB(255,255,253)
RGB(255,255,254)
RGB(255,255,255)
RGB(0,0,0)
